59 63 122
7 5 12

48.361 51.639
58.333 41.667
 ---------------------

51 62 113
7 3 10

45.133 54.867
70.000 30.000
 ---------------------

199 205 404
23 16 39

49.257 50.743
58.974 41.026
 ---------------------

43 38 81
4 6 10

53.086 46.914
40.000 60.000
 ---------------------

121 123 244
10 13 23

49.590 50.410
43.478 56.522
 ---------------------

215 211 426
31 13 44

50.469 49.531
70.455 29.545
 ---------------------

96 85 181
17 2 19

53.039 46.961
89.474 10.526
 ---------------------

55 59 114
6 4 10

48.246 51.754
60.000 40.000
 ---------------------

32 26 58
4 1 5

55.172 44.828
80.000 20.000
 ---------------------

